[gd_scene load_steps=10 format=3 uid="uid://b3exyxs651c2y"]

[ext_resource type="Script" uid="uid://7g8ob3jicl4x" path="res://assets/old_project_assets/scripts/main.gd" id="1_r0du0"]
[ext_resource type="PackedScene" uid="uid://dn5yeqbs35g2w" path="res://scenes/old_project_scenes/terrain_pnc_boucle/terrain.tscn" id="2_nxyit"]
[ext_resource type="CameraAttributesPractical" uid="uid://bl55sdpssqkpk" path="res://assets/old_project_assets/resources/camera_attributes.tres" id="5_3dxm6"]

[sub_resource type="ProceduralSkyMaterial" id="ProceduralSkyMaterial_glv2v"]
sky_top_color = Color(0.200302, 0.338444, 0.48962, 1)
sky_horizon_color = Color(0.39231, 0.401633, 0.41635, 1)
sky_energy_multiplier = 0.5
ground_bottom_color = Color(0.135853, 0.23561, 0.377959, 1)
ground_horizon_color = Color(0.662243, 0.671743, 0.686743, 1)

[sub_resource type="Sky" id="Sky_uu6xs"]
sky_material = SubResource("ProceduralSkyMaterial_glv2v")

[sub_resource type="Environment" id="Environment_r0du0"]
background_mode = 2
sky = SubResource("Sky_uu6xs")
ambient_light_sky_contribution = 0.5
ambient_light_energy = 0.0
tonemap_mode = 2
glow_enabled = true
fog_mode = 1
fog_sun_scatter = 0.49
fog_density = 1.0
fog_aerial_perspective = 0.152
adjustment_enabled = true

[sub_resource type="Animation" id="Animation_c01mt"]
resource_name = "DoorOpening"
length = 4.0
tracks/0/type = "value"
tracks/0/imported = false
tracks/0/enabled = true
tracks/0/path = NodePath("Door:rotation")
tracks/0/interp = 1
tracks/0/loop_wrap = true
tracks/0/keys = {
"times": PackedFloat32Array(0, 0.966667),
"transitions": PackedFloat32Array(2, 1),
"update": 0,
"values": [Vector3(0, 0, 0), Vector3(0, 1.79594, 0)]
}
tracks/1/type = "value"
tracks/1/imported = false
tracks/1/enabled = true
tracks/1/path = NodePath("../../HouseDoorCamera:position")
tracks/1/interp = 1
tracks/1/loop_wrap = true
tracks/1/keys = {
"times": PackedFloat32Array(0.133333, 3.96667),
"transitions": PackedFloat32Array(3.605, 1),
"update": 0,
"values": [Vector3(46.6654, 99.7618, 26.8699), Vector3(47.5183, 99.7618, 28.9007)]
}
tracks/2/type = "value"
tracks/2/imported = false
tracks/2/enabled = true
tracks/2/path = NodePath("../../InputCatcher:visible")
tracks/2/interp = 1
tracks/2/loop_wrap = true
tracks/2/keys = {
"times": PackedFloat32Array(0),
"transitions": PackedFloat32Array(1),
"update": 1,
"values": [true]
}
tracks/3/type = "method"
tracks/3/imported = false
tracks/3/enabled = true
tracks/3/path = NodePath("../..")
tracks/3/interp = 1
tracks/3/loop_wrap = true
tracks/3/keys = {
"times": PackedFloat32Array(3.96667),
"transitions": PackedFloat32Array(1),
"values": [{
"args": [],
"method": &"change_to_mini_games"
}]
}

[sub_resource type="Animation" id="Animation_nxtc6"]
length = 0.001
tracks/0/type = "value"
tracks/0/imported = false
tracks/0/enabled = true
tracks/0/path = NodePath("Door:rotation")
tracks/0/interp = 1
tracks/0/loop_wrap = true
tracks/0/keys = {
"times": PackedFloat32Array(0),
"transitions": PackedFloat32Array(1),
"update": 0,
"values": [Vector3(0, 0, 0)]
}
tracks/1/type = "value"
tracks/1/imported = false
tracks/1/enabled = true
tracks/1/path = NodePath("../../HouseDoorCamera:position")
tracks/1/interp = 1
tracks/1/loop_wrap = true
tracks/1/keys = {
"times": PackedFloat32Array(0),
"transitions": PackedFloat32Array(1),
"update": 0,
"values": [Vector3(46.6654, 99.7618, 26.8699)]
}
tracks/2/type = "value"
tracks/2/imported = false
tracks/2/enabled = true
tracks/2/path = NodePath("../../InputCatcher:visible")
tracks/2/interp = 1
tracks/2/loop_wrap = true
tracks/2/keys = {
"times": PackedFloat32Array(0),
"transitions": PackedFloat32Array(1),
"update": 1,
"values": [false]
}

[sub_resource type="AnimationLibrary" id="AnimationLibrary_jlsqs"]
_data = {
&"DoorOpening": SubResource("Animation_c01mt"),
&"RESET": SubResource("Animation_nxtc6")
}

[node name="Main" type="Node3D" node_paths=PackedStringArray("cameras")]
script = ExtResource("1_r0du0")
cameras = [NodePath("HouseDoorCamera"), NodePath("HouseFarCamera"), NodePath("ForestFarCamera"), NodePath("ForestCloserCamera"), NodePath("ForestClosestCamera"), NodePath("HouseSideCamera"), NodePath("HouseCrossCamera")]

[node name="DirectionalLight3D" type="DirectionalLight3D" parent="."]
transform = Transform3D(-0.745054, -0.498126, 0.443586, -0.286591, 0.839595, 0.46146, -0.602297, 0.216683, -0.768299, 0, 0, 0)
light_color = Color(0.507834, 0.878665, 0.840231, 1)
light_energy = 0.1
shadow_enabled = true

[node name="WorldEnvironment" type="WorldEnvironment" parent="."]
unique_name_in_owner = true
environment = SubResource("Environment_r0du0")

[node name="InputCatcher" type="CanvasLayer" parent="."]
layer = 100
visible = false

[node name="Control" type="Control" parent="InputCatcher"]
layout_mode = 3
anchors_preset = 15
anchor_right = 1.0
anchor_bottom = 1.0
grow_horizontal = 2
grow_vertical = 2

[node name="AnimationPlayer" type="AnimationPlayer" parent="."]
root_node = NodePath("../Terrain/maison_basque")
libraries = {
&"": SubResource("AnimationLibrary_jlsqs")
}

[node name="Terrain" parent="." instance=ExtResource("2_nxyit")]

[node name="HouseDoorCamera" type="Camera3D" parent="."]
transform = Transform3D(-0.936799, 0.0218101, -0.349187, 0.0122116, 0.999485, 0.0296663, 0.349654, 0.0235272, -0.936583, 46.6654, 99.7618, 26.8699)
attributes = ExtResource("5_3dxm6")

[node name="HouseFarCamera" type="Camera3D" parent="."]
transform = Transform3D(-0.970888, 0, -0.239533, 0, 1, 0, 0.239533, 0, -0.970888, 43.9395, 100.469, 16.1782)
attributes = ExtResource("5_3dxm6")

[node name="ForestFarCamera" type="Camera3D" parent="."]
transform = Transform3D(-0.755064, -0.216205, -0.618977, -1.49012e-08, 0.944066, -0.329756, 0.65565, -0.248988, -0.712831, 17.1888, 90.6968, -14.3757)
attributes = ExtResource("5_3dxm6")
current = true

[node name="ForestCloserCamera" type="Camera3D" parent="."]
transform = Transform3D(-0.821169, -0.145635, -0.551789, -2.23517e-08, 0.96689, -0.255193, 0.570685, -0.209556, -0.793981, 27.6525, 93.0995, -5.20246)
attributes = ExtResource("5_3dxm6")

[node name="ForestClosestCamera" type="Camera3D" parent="."]
transform = Transform3D(-0.821169, -0.145635, -0.551789, -2.23517e-08, 0.96689, -0.255193, 0.570685, -0.209556, -0.793981, 32.4568, 96.4874, 7.09062)
attributes = ExtResource("5_3dxm6")

[node name="HouseSideCamera" type="Camera3D" parent="."]
transform = Transform3D(-0.213849, -0.238062, -0.947415, -5.36874e-09, 0.969851, -0.2437, 0.976867, -0.052115, -0.207402, 38.6992, 100.678, 30.725)
attributes = ExtResource("5_3dxm6")

[node name="HouseCrossCamera" type="Camera3D" parent="."]
transform = Transform3D(0.472166, -0.214898, -0.854914, 1.49012e-08, 0.969829, -0.243784, 0.88151, 0.115107, 0.457921, 41.5623, 101.167, 35.3359)
attributes = ExtResource("5_3dxm6")

[node name="CSGBox3D" type="CSGBox3D" parent="."]
transform = Transform3D(1, 0, 0, 0, 1, 0, 0, 0, 1, -47.2146, 60.5893, -104.944)
size = Vector3(0.271484, 1, 0.287109)

[node name="CSGBox3D2" type="CSGBox3D" parent="."]
transform = Transform3D(1, 0, 0, 0, 1, 0, 0, 0, 1, -47.2146, 61.4122, -104.944)
size = Vector3(0.316406, 0.82019, 1.4021)
